Ra(J2000) deg	Dec(J2000) deg	J	eJ	Ks	eKs
296.1789	-14.8229	17.52	0.04	16.19	0.05
296.2155	-14.8347	17.45	0.03	16.20	0.06
296.2734	-14.8086	17.60	0.03	16.27	0.05
296.2831	-14.8050	17.46	0.03	16.22	0.05
296.2543	-14.8176	18.17	0.07	16.70	0.05
296.1916	-14.8930	17.76	0.06	16.51	0.10
296.2552	-14.8258	16.82	0.03	15.52	0.02
296.2992	-14.8365	17.87	0.88	14.98	0.07
296.1917	-14.8297	18.32	0.31	15.67	0.10
296.2842	-14.8119	17.33	0.16	15.04	0.07
296.2346	-14.7733	18.00	0.37	15.48	0.27
296.2015	-14.8128	19.18	0.60	15.91	0.20
296.1832	-14.7631	18.39	0.32	15.82	0.14
296.2722	-14.7614	18.09	0.24	15.62	0.07
296.2278	-14.7611	18.35	0.34	16.18	0.09
296.2777	-14.8229	18.46	0.18	16.13	0.20
296.2491	-14.8162	17.49	0.09	15.98	0.27
296.2535	-14.7694	18.38	0.35	15.54	0.27
296.2473	-14.7642	18.94	1.05	16.80	0.63
296.2425	-14.8211	19.99	0.74	16.77	0.21
296.1799	-14.7577	19.23	0.39	15.98	0.26
296.2705	-14.7348	19.39	0.38	16.08	0.21
296.1838	-14.6825	19.57	1.40	16.06	0.67
296.2677	-14.6806	19.60	1.62	16.30	0.53
296.1776	-14.6424	18.63	0.79	16.42	0.45
296.2651	-14.9616	18.07	0.40	16.45	0.20
296.2111	-14.9107	19.46	0.36	16.25	0.13
296.3018	-14.9036	19.75	0.26	15.96	0.44
296.1801	-14.7509	17.02	0.16	15.81	0.12
296.2268	-14.7507	17.13	0.34	15.11	0.28
296.2335	-14.7500	17.71	0.18	16.52	0.18
296.2462	-14.8666	17.98	0.08	15.79	0.08
296.2611	-14.7376	18.29	0.15	15.38	0.19
296.2731	-14.7515	17.31	0.16	15.96	0.20
296.1840	-14.7802	18.23	0.00	17.12	0.00
296.2523	-14.7848	17.49	0.00	16.08	0.00
296.2042	-14.6349	16.58	0.00	15.46	0.00
296.2236	-14.7747	16.44	0.00	15.13	0.00
296.2182	-14.8804	16.30	0.00	15.09	0.00
296.2132	-14.6810	16.35	0.00	15.07	0.00
296.2043	-14.7427	15.25	0.00	13.92	0.00
296.2509	-14.7679	15.50	0.00	14.19	0.00
296.1880	-14.8723	15.88	0.00	14.68	0.00
296.2670	-14.7631	15.46	0.00	14.18	0.00
296.2129	-14.7322	13.72	0.00	12.57	0.00
296.2364	-14.8305	17.70	0.00	16.04	0.00
296.2103	-14.7597	17.89	0.00	16.29	0.00
296.1805	-14.8043	18.20	0.00	15.94	0.00
296.1744	-14.8389	18.58	0.00	16.11	0.00
296.2335	-14.8065	17.87	0.00	15.62	0.00
296.2756	-14.7492	19.93	0.00	16.57	0.00
296.1949	-14.8227	18.10	0.00	15.86	0.00
296.2263	-14.7255	18.04	0.00	15.66	0.00
296.1965	-14.7027	18.21	0.00	15.31	0.00
296.3035	-14.7417	18.70	0.00	15.98	0.00
296.1746	-14.7885	18.42	0.00	16.03	0.00
296.1992	-14.8616	20.21	0.00	16.99	0.00
296.2126	-14.8014	18.38	0.00	15.79	0.00
296.2173	-14.7765	18.37	0.00	15.78	0.00
296.2223	-14.9100	18.95	0.00	16.28	0.00
296.2405	-14.8494	19.10	0.00	15.96	0.00
296.1796	-14.7753	18.02	0.00	15.45	0.00
296.2425	-14.9116	18.95	0.00	15.86	0.00
296.2288	-14.7934	18.75	0.00	15.93	0.00
296.2464	-14.7347	19.15	0.00	15.77	0.00
296.2430	-14.8384	18.40	0.00	15.88	0.00
296.2669	-14.7404	18.41	0.00	15.51	0.00
296.2388	-14.8703	19.49	0.00	15.82	0.00
296.2657	-14.7202	19.78	0.00	16.16	0.00
296.2177	-14.7894	19.12	0.00	15.90	0.00
296.2911	-14.6977	19.24	0.00	16.03	0.00
296.2166	-14.7906	20.26	0.00	16.43	0.00
296.2997	-14.6976	18.16	0.00	15.42	0.00
296.2813	-14.6739	20.16	0.00	16.25	0.00
296.2890	-14.8109	19.93	0.00	16.24	0.00
296.2573	-14.7765	19.06	0.00	15.73	0.00
296.2570	-14.8305	20.30	0.00	16.42	0.00
296.1986	-14.7184	19.11	0.00	15.55	0.00
296.1968	-14.7512	19.69	0.00	15.69	0.00
296.2842	-14.8089	20.50	0.00	16.10	0.00
296.2163	-14.8320	20.37	0.00	15.89	0.00
296.2979	-14.7469	20.40	0.00	16.11	0.00
296.2589	-14.8880	16.73	0.00	14.45	0.00
296.1801	-14.7107	17.88	0.00	16.39	0.00
296.2857	-14.7395	18.01	0.00	16.39	0.00
296.2907	-14.6964	17.80	0.00	16.14	0.00
296.1770	-14.7103	17.84	0.00	16.02	0.00
296.2180	-14.9257	17.67	0.00	15.86	0.00
296.1747	-14.7939	18.00	0.00	15.88	0.00
296.3001	-14.8787	18.37	0.00	15.88	0.00
296.1828	-14.7482	18.03	0.00	15.59	0.00
296.2293	-14.6525	17.98	0.00	15.56	0.00
296.2992	-14.6914	17.56	0.00	15.16	0.00
296.2365	-14.8570	19.18	0.00	16.32	0.00
296.2229	-14.7102	17.60	0.00	16.37	0.00
296.2289	-14.7201	17.50	0.00	16.30	0.00
296.2203	-14.7284	18.26	0.00	17.15	0.00
296.1274	-14.7337	17.56	0.00	16.41	0.00
296.3109	-14.7365	17.18	0.00	15.91	0.00
296.2856	-14.7408	16.67	0.00	15.09	0.00
296.1861	-14.7787	16.72	0.00	15.54	0.00
296.2458	-14.7865	17.58	0.00	16.46	0.00
296.2365	-14.7979	17.25	0.00	16.22	0.00
296.2251	-14.8682	17.31	0.00	16.32	0.00
296.2127	-14.8731	17.66	0.00	16.47	0.00
295.9881	-13.9511	18.11	0.00	17.12	0.00
295.9677	-13.9884	17.87	0.00	16.91	0.00
295.9554	-14.2182	18.09	0.00	17.22	0.00
295.9558	-14.2751	18.01	0.00	17.19	0.00
296.1170	-14.6328	16.46	0.00	15.26	0.00
296.2339	-14.6713	17.14	0.00	16.01	0.00
295.9688	-14.6830	16.82	0.00	15.68	0.00
296.2598	-14.6842	17.31	0.00	16.21	0.00
296.4114	-14.6857	17.47	0.00	16.11	0.00
296.1560	-14.6874	17.31	0.00	15.68	0.00
296.1794	-14.6880	17.24	0.00	16.08	0.00
296.2486	-14.6898	17.26	0.00	16.11	0.00
295.9695	-14.6944	17.32	0.00	16.13	0.00
296.2868	-14.6973	17.18	0.00	16.17	0.00
296.3308	-14.7071	15.97	0.00	14.94	0.00
296.3509	-14.7207	17.05	0.00	15.75	0.00
296.3759	-14.7309	16.15	0.00	15.03	0.00
296.4366	-14.7439	17.45	0.00	16.56	0.00
296.2347	-14.7504	17.23	0.00	16.24	0.00
296.4854	-14.7568	16.74	0.00	15.63	0.00
296.1317	-14.7593	17.37	0.00	16.18	0.00
296.1129	-14.7763	17.35	0.00	15.92	0.00
296.1523	-14.7884	17.14	0.00	15.98	0.00
296.2834	-14.7894	17.47	0.00	16.45	0.00
296.3195	-14.7898	16.99	0.00	15.58	0.00
296.3748	-14.7981	17.73	0.00	16.55	0.00
296.1703	-14.7988	17.40	0.00	15.76	0.00
296.0731	-14.8017	17.62	0.00	16.46	0.00
296.1601	-14.8021	17.38	0.00	16.35	0.00
296.3383	-14.8089	17.41	0.00	16.05	0.00
296.2390	-14.8196	17.84	0.00	16.83	0.00
296.1007	-14.8285	16.72	0.00	15.64	0.00
296.1298	-14.8323	17.56	0.00	16.49	0.00
296.0845	-14.8323	17.50	0.00	16.15	0.00
296.4344	-14.8347	17.48	0.00	16.32	0.00
296.3084	-14.8405	17.25	0.00	16.08	0.00
296.1738	-14.8556	17.84	0.00	16.65	0.00
296.0804	-14.8587	16.31	0.00	15.29	0.00
296.2824	-14.8689	17.48	0.00	16.55	0.00
296.2369	-14.8721	18.02	0.00	16.82	0.00
296.0966	-14.8814	17.98	0.00	17.03	0.00
296.2614	-14.8837	17.94	0.00	16.79	0.00
296.4312	-14.8894	17.33	0.00	16.18	0.00
296.1631	-14.8945	16.75	0.00	15.44	0.00
296.1186	-14.8987	16.89	0.00	15.73	0.00
296.2510	-14.9064	17.96	0.00	16.77	0.00
296.3538	-14.9124	17.22	0.00	15.96	0.00
296.2239	-14.9224	17.22	0.00	15.81	0.00
296.1577	-14.9291	99.99	0.00	16.12	0.00
296.3325	-14.9511	17.76	0.00	16.48	0.00
296.0345	-14.9513	17.57	0.00	16.39	0.00
296.3458	-14.9601	16.91	0.00	15.72	0.00
296.3379	-14.9886	16.73	0.00	15.19	0.00
296.2813	-14.9887	17.16	0.00	16.07	0.00
296.2045	-14.6743	18.32	0.00	17.28	0.00
296.2471	-14.7230	18.13	0.00	17.03	0.00
296.2444	-14.7547	17.25	0.00	16.22	0.00
296.3509	-14.7571	16.98	0.00	15.85	0.00
296.2346	-14.7677	16.96	0.00	15.62	0.00
296.2904	-14.7745	17.63	0.00	16.69	0.00
296.2784	-14.7801	17.65	0.00	15.76	0.00
296.3523	-14.7807	17.09	0.00	15.76	0.00
296.2290	-14.7813	17.61	0.00	15.94	0.00
296.2138	-14.7839	17.89	0.00	16.72	0.00
296.2578	-14.7932	17.91	0.00	16.88	0.00
296.2082	-14.7973	17.67	0.00	16.45	0.00
296.1843	-14.7992	17.83	0.00	16.78	0.00
296.2741	-14.8002	17.57	0.00	16.40	0.00
296.2513	-14.8031	17.41	0.00	16.15	0.00
296.4049	-14.8125	99.99	0.00	16.16	0.00
296.1913	-14.8187	16.95	0.00	15.64	0.00
296.2126	-14.8249	17.39	0.00	16.25	0.00
296.1830	-14.8289	17.60	0.00	16.58	0.00
296.2331	-14.8307	17.39	0.00	16.31	0.00
296.2415	-14.8462	18.41	0.00	16.36	0.00
296.2348	-14.8626	17.71	0.00	16.68	0.00
296.1536	-14.8867	18.00	0.00	16.92	0.00
296.1837	-14.9621	18.24	0.00	16.82	0.00
296.3583	-13.8970	17.58	0.00	16.62	0.00
296.3300	-13.9385	17.49	0.00	16.70	0.00
296.0793	-13.9738	17.74	0.00	16.90	0.00
296.3969	-13.9879	17.15	0.00	16.30	0.00
296.6521	-14.0153	18.33	0.00	17.32	0.00
296.7117	-14.0327	18.29	0.00	17.35	0.00
296.4843	-14.1542	18.15	0.00	16.43	0.00
295.6043	-14.1601	17.65	0.00	16.73	0.00
296.4927	-14.1743	17.46	0.00	16.57	0.00
296.0687	-14.2288	17.94	0.00	17.00	0.00
295.5253	-14.2302	17.56	0.00	16.77	0.00
296.9797	-14.2425	17.83	0.00	16.91	0.00
296.4613	-14.2566	17.03	0.00	16.12	0.00
295.5885	-14.2705	17.46	0.00	16.56	0.00
295.4625	-14.2837	17.55	0.00	16.63	0.00
295.5710	-14.2838	17.75	0.00	16.86	0.00
295.8087	-14.3808	17.90	0.00	17.08	0.00
296.8211	-14.4041	17.67	0.00	16.79	0.00
297.1003	-14.4324	18.51	0.00	17.34	0.00
296.7871	-14.4885	17.80	0.00	16.77	0.00
297.0240	-14.4918	17.85	0.00	17.02	0.00
296.8004	-14.5496	17.48	0.00	16.57	0.00
295.4092	-14.5679	18.05	0.00	17.14	0.00
297.0727	-14.5825	17.77	0.00	16.86	0.00
296.8530	-14.5907	18.26	0.00	17.34	0.00
296.8130	-14.6120	18.19	0.00	17.19	0.00
297.1115	-14.6241	17.25	0.00	16.37	0.00
296.9113	-14.6362	17.79	0.00	16.91	0.00
297.1484	-14.6712	17.74	0.00	16.82	0.00
295.6097	-14.7429	17.68	0.00	16.69	0.00
295.5161	-14.7470	16.85	0.00	15.87	0.00
295.5591	-14.8014	17.60	0.00	16.65	0.00
295.5279	-14.8036	17.05	0.00	16.12	0.00
295.6219	-14.8043	17.94	0.00	16.95	0.00
295.5125	-14.8268	17.85	0.00	17.01	0.00
295.5244	-14.8552	18.01	0.00	17.11	0.00
295.5359	-14.8730	17.77	0.00	16.99	0.00
295.6212	-14.8859	18.13	0.00	17.13	0.00
295.5475	-14.8869	17.05	0.00	16.13	0.00
295.5406	-14.9339	17.48	0.00	16.64	0.00
295.6393	-14.9802	17.65	0.00	16.77	0.00
295.4047	-15.0152	16.36	0.00	15.48	0.00
295.7205	-15.1256	17.63	0.00	16.07	0.00
295.6402	-15.1297	16.22	0.00	15.26	0.00
295.4173	-15.1719	17.02	0.00	16.09	0.00
295.4059	-15.1896	16.94	0.00	16.03	0.00
296.7679	-15.2044	15.14	0.00	14.22	0.00
295.7998	-15.2294	17.06	0.00	16.16	0.00
295.4782	-15.2320	17.00	0.00	16.15	0.00
295.7770	-15.2414	18.24	0.00	17.25	0.00
295.7434	-15.2578	18.33	0.00	17.29	0.00
295.4917	-15.2713	17.58	0.00	16.68	0.00
295.8729	-15.2897	17.27	0.00	16.29	0.00
295.5349	-15.3035	17.08	0.00	16.18	0.00
295.4992	-15.3044	17.58	0.00	16.75	0.00
295.8791	-15.3090	17.90	0.00	16.88	0.00
295.7940	-15.3291	17.83	0.00	16.78	0.00
295.9490	-15.3295	18.11	0.00	17.07	0.00
295.5762	-15.3334	16.93	0.00	16.05	0.00
295.8978	-15.3378	17.39	0.00	16.39	0.00
295.5370	-15.3580	17.10	0.00	16.11	0.00
295.9666	-15.3582	18.35	0.00	17.07	0.00
296.0117	-15.3746	17.91	0.00	17.16	0.00
295.5169	-15.3809	17.16	0.00	16.24	0.00
296.3424	-15.3862	18.09	0.00	17.22	0.00
295.6490	-15.3953	17.62	0.00	16.70	0.00
296.1232	-15.4553	17.35	0.00	16.47	0.00
296.1823	-15.4562	17.68	0.00	16.80	0.00
296.0191	-15.4688	18.21	0.00	16.65	0.00
295.5879	-15.4876	17.33	0.00	16.51	0.00
295.7729	-15.5140	17.73	0.00	16.74	0.00
296.7812	-15.5675	17.99	0.00	17.12	0.00
296.5385	-15.5763	17.82	0.00	16.87	0.00
296.1903	-14.6418	17.59	0.00	16.40	0.00
296.3261	-14.6662	17.58	0.00	16.51	0.00
296.3354	-14.6811	18.39	0.00	17.10	0.00
296.1106	-14.6932	99.99	0.00	99.99	0.00
296.1964	-14.7023	17.75	0.00	15.10	0.00
296.5396	-14.7050	17.59	0.00	15.73	0.00
296.0992	-14.7082	17.48	0.00	16.27	0.00
296.3741	-14.7111	17.55	0.00	16.52	0.00
296.0758	-14.7119	18.14	0.00	17.10	0.00
296.3414	-14.7129	17.32	0.00	15.85	0.00
296.1108	-14.7258	17.15	0.00	15.45	0.00
295.9771	-14.7267	17.58	0.00	16.22	0.00
296.0879	-14.7402	17.23	0.00	15.90	0.00
296.1714	-14.7452	18.02	0.00	16.97	0.00
296.4691	-14.7523	99.99	0.00	16.28	0.00
296.3428	-14.7641	18.20	0.00	17.02	0.00
296.1064	-14.7672	17.62	0.00	16.58	0.00
296.3046	-14.7679	17.76	0.00	16.59	0.00
296.3330	-14.7707	18.24	0.00	17.25	0.00
296.1620	-14.8231	17.45	0.00	16.28	0.00
296.1678	-14.8422	17.72	0.00	16.60	0.00
296.0661	-14.8446	17.44	0.00	16.30	0.00
296.3646	-14.8653	17.45	0.00	16.19	0.00
296.2972	-14.8699	17.49	0.00	16.21	0.00
296.2075	-14.8964	17.39	0.00	16.20	0.00
296.3680	-14.9132	16.96	0.00	15.15	0.00
296.0707	-14.9435	99.99	0.00	99.99	0.00
296.0891	-14.9455	18.64	0.00	15.90	0.00
296.0613	-14.9551	18.23	0.00	17.10	0.00
295.9698	-14.9751	17.69	0.00	16.60	0.00
296.2155	-14.9960	99.99	0.00	16.76	0.00
296.0905	-15.0101	18.20	0.00	16.74	0.00
296.2502	-13.9410	18.11	0.00	17.26	0.00
296.5526	-13.9992	17.52	0.00	16.61	0.00
296.3653	-14.1494	17.16	0.00	16.28	0.00
296.6534	-14.3304	17.62	0.00	16.78	0.00
295.6885	-14.3479	18.14	0.00	17.14	0.00
295.5945	-14.8825	17.85	0.00	16.80	0.00
297.0151	-15.2552	18.22	0.00	17.35	0.00
295.8102	-15.2604	18.27	0.00	17.34	0.00
296.0614	-15.4039	17.71	0.00	16.74	0.00
295.9231	-15.4220	18.42	0.00	17.39	0.00
295.7961	-15.5937	18.17	0.00	17.29	0.00
295.6611	-14.8446	18.16	1.78	16.38	0.00
295.6819	-14.9097	18.28	1.67	16.62	0.00
295.6897	-14.8984	18.26	1.72	16.54	0.00
295.7040	-15.0209	18.27	2.08	16.19	0.00
295.7090	-15.0561	18.06	1.64	16.43	0.00
295.7205	-15.1256	17.77	1.54	16.23	0.00
295.7613	-14.7656	18.37	1.99	16.38	0.00
295.7704	-14.7933	18.35	1.90	16.45	0.00
295.8058	-14.7056	18.16	1.61	16.54	0.00
295.8235	-14.9906	18.17	1.85	16.32	0.00
295.8250	-14.9749	18.47	2.18	16.29	0.00
295.8275	-14.9006	17.98	1.71	16.28	0.00
295.8308	-14.8511	18.50	2.66	15.84	0.00
295.8503	-15.1478	18.25	1.49	16.76	0.00
295.8566	-15.2171	17.82	1.77	16.05	0.00
295.9022	-14.8913	18.16	1.49	16.67	0.00
295.9166	-14.8112	18.04	1.51	16.53	0.00
295.9304	-15.2476	17.57	1.61	15.96	0.00
295.9455	-14.7077	17.56	1.57	15.99	0.00
295.9716	-14.8773	17.73	1.83	15.90	0.00
295.9743	-15.1965	17.32	1.60	15.72	0.00
295.9795	-14.8829	17.66	1.74	15.92	0.00
295.9873	-14.7173	17.92	2.08	15.84	0.00
295.9935	-14.9903	17.87	2.03	15.85	0.00
296.0039	-14.8628	18.41	1.71	16.70	0.00
296.0052	-14.8883	16.93	1.63	15.31	0.00
296.0105	-14.7445	16.98	1.62	15.36	0.00
296.0128	-14.7401	17.55	1.81	15.75	0.00
296.0148	-14.7690	17.31	2.36	14.95	0.00
296.0195	-14.7857	17.93	1.54	16.39	0.00
296.0259	-14.7907	17.97	1.51	16.46	0.00
296.0288	-14.9026	17.47	2.32	15.16	0.00
296.0426	-15.2060	17.52	1.61	15.91	0.00
296.0429	-14.7822	17.03	1.71	15.32	0.00
296.0481	-14.8998	17.64	1.73	15.91	0.00
296.0512	-14.7268	17.59	2.06	15.53	0.00
296.0513	-14.8667	17.68	1.89	15.79	0.00
296.0530	-14.9232	17.94	1.76	16.19	0.00
296.0609	-15.0949	17.82	1.69	16.14	0.00
296.0613	-14.7628	18.33	1.78	16.56	0.00
296.0614	-14.8147	17.94	2.46	15.48	0.00
296.0622	-14.8233	18.29	1.54	16.75	0.00
296.0642	-14.7360	17.69	1.69	16.00	0.00
296.0673	-14.9031	18.11	1.93	16.19	0.00
296.0674	-14.8123	17.97	1.52	16.44	0.00
296.0710	-14.7900	17.38	1.55	15.83	0.00
296.0720	-14.8490	17.45	1.54	15.92	0.00
296.0727	-14.8565	17.85	1.58	16.28	0.00
296.0769	-14.8780	17.83	1.72	16.11	0.00
296.0774	-14.7831	17.56	1.69	15.87	0.00
296.0783	-14.7897	17.49	1.95	15.54	0.00
296.0819	-14.7513	17.46	1.51	15.95	0.00
296.0848	-14.7811	17.93	1.79	16.14	0.00
296.0854	-14.8265	18.07	1.88	16.19	0.00
296.0883	-14.8174	17.81	1.54	16.26	0.00
296.0928	-14.8922	17.85	2.16	15.69	0.00
296.0960	-15.0407	17.84	1.57	16.27	0.00
296.0970	-14.8360	17.93	1.77	16.16	0.00
296.1002	-14.7866	17.62	2.07	15.55	0.00
296.1036	-14.7248	17.36	2.10	15.27	0.00
296.1041	-14.7926	18.05	2.51	15.55	0.00
296.1045	-14.8427	18.09	2.53	15.56	0.00
296.1066	-14.8743	17.90	1.63	16.27	0.00
296.1095	-14.9329	17.90	2.04	15.86	0.00
296.1097	-14.7407	17.47	1.56	15.91	0.00
296.1108	-14.7907	17.96	1.71	16.25	0.00
296.1110	-14.8597	17.43	2.11	15.32	0.00
296.1128	-14.8683	17.53	1.91	15.62	0.00
296.1152	-14.7696	17.45	1.95	15.50	0.00
296.1160	-14.8811	17.72	2.08	15.64	0.00
296.1178	-14.7929	18.01	1.55	16.46	0.00
296.1185	-14.7334	17.99	1.58	16.40	0.00
296.1187	-14.8455	18.29	2.12	16.17	0.00
296.1207	-14.8445	17.81	1.71	16.10	0.00
296.1269	-14.7898	16.99	2.01	14.98	0.00
296.1280	-14.7905	17.80	1.90	15.91	0.00
296.1291	-14.8711	17.95	1.52	16.43	0.00
296.1295	-14.7898	17.66	1.64	16.02	0.00
296.1313	-14.8487	17.53	1.52	16.01	0.00
296.1315	-14.8549	17.14	1.85	15.30	0.00
296.3658	-14.8525	17.51	1.68	15.84	0.00
296.3685	-14.7489	17.44	1.52	15.92	0.00
296.3695	-14.8729	17.16	1.72	15.45	0.00
296.3715	-14.9041	17.50	1.95	15.55	0.00
296.3806	-14.5400	17.72	1.88	15.84	0.00
296.3827	-14.7522	17.15	1.52	15.63	0.00
296.4011	-14.6176	17.97	1.74	16.23	0.00
296.4018	-14.7382	17.50	1.59	15.91	0.00
296.4023	-14.8741	17.21	1.51	15.71	0.00
296.4063	-14.8008	17.37	1.94	15.43	0.00
296.4102	-14.8498	17.29	1.62	15.67	0.00
296.4166	-14.5999	17.67	1.53	16.14	0.00
296.4212	-14.7471	17.53	1.56	15.98	0.00
296.4267	-14.7540	17.49	1.52	15.97	0.00
296.4286	-14.5416	18.26	1.83	16.44	0.00
296.4301	-14.7626	17.48	1.67	15.81	0.00
296.4361	-14.8951	17.60	1.72	15.88	0.00
296.4425	-14.7626	17.17	1.88	15.29	0.00
296.4494	-14.7635	18.24	1.60	16.64	0.00
296.4536	-14.4519	17.90	1.57	16.33	0.00
296.4614	-14.8548	17.42	1.80	15.62	0.00
296.4752	-14.8982	17.27	1.53	15.74	0.00
296.4793	-14.6954	16.71	1.58	15.13	0.00
296.4796	-14.3744	17.58	1.63	15.95	0.00
296.5159	-14.7466	18.22	1.59	16.64	0.00
296.5227	-14.8430	17.62	1.87	15.75	0.00
296.5232	-14.4993	17.60	1.60	16.00	0.00
296.5456	-14.9007	17.42	1.91	15.51	0.00
296.5838	-14.6504	18.44	1.86	16.58	0.00
296.5943	-14.8693	17.50	1.61	15.88	0.00
296.5963	-14.3754	17.94	1.76	16.18	0.00
296.5970	-14.8421	17.96	1.59	16.37	0.00
296.6140	-14.7704	17.43	1.57	15.86	0.00
296.6206	-14.7653	18.06	2.15	15.91	0.00
296.6209	-14.4247	18.15	1.73	16.43	0.00
296.6338	-14.7257	18.23	1.58	16.66	0.00
296.6959	-14.7927	18.19	1.68	16.50	0.00
296.6964	-14.5816	18.11	1.57	16.55	0.00
296.7232	-14.4254	18.24	2.07	16.17	0.00
296.7270	-14.4650	18.29	1.66	16.63	0.00
296.7341	-14.6738	18.27	1.63	16.64	0.00
296.7493	-14.7584	18.09	1.69	16.41	0.00
296.7532	-14.8601	17.71	1.68	16.04	0.00
296.7639	-14.4964	17.76	1.54	16.22	0.00
296.7705	-14.7495	18.36	1.49	16.87	0.00
296.7725	-14.7960	18.30	1.50	16.80	0.00
296.8193	-14.7532	18.16	1.81	16.35	0.00
296.8233	-14.6047	17.22	1.73	15.49	0.00
296.8533	-14.3934	17.91	1.69	16.22	0.00
296.8658	-14.4414	17.35	1.70	15.65	0.00
296.9001	-14.4304	17.85	1.70	16.15	0.00
296.9013	-14.4222	17.44	1.52	15.91	0.00
296.9028	-14.4441	18.22	1.75	16.48	0.00
